KEY ENERGY STATISTICS
54
Petroleum Products Importation, by Fuel Type
Fuel
2014
2015
2016
2017
2018
2019
Diesel
30,343
28,375
35,345
40,105
38,784
49,462
Gasoline
14,828
15,148
15,705
17,162
19,004
18,726
LPG
9,299
9,691
11,613
13,910
15,224
15,957
IFO/Fuel Oil
4,901
10,129
7,162
6,921
5,244
5,061
Jet Fuel
6,579
5,722
6,837
8,928
9,331
11,708
Kerosene
430
199
252
317
265
134
Others**
 3,279 
 8,670 
 9,194 
 10,073 
 9,721 
 7,889 
Total 
 69,658 
 77,934 
 86,108 
 97,415 
97,573
108,936
in MB
Fuel
2020
2021
2022
2023
2024
AAGR*
Diesel
41,977
50,655
50,976
51,071
54,060
5.9%
Gasoline
25,038
24,927
31,002
32,925
35,120
9.0%
LPG
17,109
19,723
18,797
18,722
19,495
7.7%
IFO/Fuel Oil
6,481
7,097
7,128
7,039
6,567
3.0%
Jet Fuel
3,408
3,331
7,128
8,405
8,917
3.1%
Kerosene
304
398
197
167
162
-9.3%
Others**
8,791
11,442
7,965
9,922
9,835
11.6%
Total 
103,108
117,572
123,192
128,250
134,157
6.8%
*average annual growth rate
**others include asphalt, solvents, naptha/reformate, condensate
