KEY ENERGY STATISTICS
60
Petroleum Products Consumption, 
by Fuel Type	
	
2014
2015
2016
2017
2018
2019
Gasoline
25,833
29,667
32,630
35,509
36,574
39,578
Diesel
51,595
57,545
63,622
66,939
69,082
71,101
Fuel Oil
13,364
14,568
12,862
11,719
9,335
8,530
Aviation Fuel 
12,463
13,086
14,879
16,474
17,390
17,674
LPG
13,073
14,842
16,926
18,552
20,486
20,782
Kerosene
860
811
777
767
638
587
Biodiesel 
1,049
1,171
1,289
1,364
1,400
1,437
Bioethanol
2,765
3,168
3,477
3,818
3,936
4,276
Others**
3,501
8,368
8,954
11,397
9,964
7,851
Total
124,503
143,226
155,414
166,539
168,805
171,817
MB
2020
2021
2022
2023
2024
AAGR*
Gasoline
33,688
38,349
42,238
45,448
48,098
6.4%
Diesel
60,345
65,294
68,819
68,497
72,236
3.4%
Fuel Oil
7,303
7,047
7,912
6,924
6,605
-6.8%
Aviation Fuel 
6,188
5,741
12,199
15,824
16,871
3.1%
LPG
19,881
20,582
21,495
21,726
22,237
5.5%
Kerosene
537
565
450
371
332
-9.1%
Biodiesel 
1,204
1,310
1,392
1,393
1,468
3.4%
Bioethanol
3,643
4,147
4,569
4,919
5,197
6.5%
Others**
9,228
11,387
9,496
10,477
11,471
12.6%
Total
142,017
154,422
168,571
175,580
184,515
4.0%
*average annual growth rate
**includes asphalts, solvents, naphtha/reformate, condensate
