KEY ENERGY STATISTICS
58
Petroleum Products Consumption, 
by Sector and Fuel Type
Source
2014
2015
2016
2017
2018
2019
Industry
9,224
10,528
11,046
11,022
11,392
10,732
Kerosene
126
139
148
170
16
15
LPG
1,387
1,528
1,412
924
2,129
1,872
Diesel
3,975
4,357
4,869
5,570
5,144
5,598
Fuel Oil
3,649
4,413
4,520
4,247
4,000
3,136
Biodiesel 
86
92
97
111
103
112
Transport
79,996
91,891
99,456
105,255
108,811
112,365
Gasoline
25,795
29,601
32,568
35,411
36,516
39,504
Diesel
36,097
43,435
45,749
46,067
48,043
48,205
Fuel Oil
1,690
1,386
1,707
2,431
1,845
1,637
Aviation Fuel 
12,463
13,086
14,879
16,474
17,390
17,674
LPG
453
321
146
112
108
95
Bioethanol
2,765
3,168
3,477
3,818
3,936
4,276
Biodiesel
734
893
929
942
972
974
Households
9,074
10,301
11,938
12,342
13,373
14,014
LPG
8,343
9,632
11,314
11,749
12,754
13,445
Kerosene
731
669
624
593
620
569
Services
11,641
10,692
13,456
17,357
18,393
19,386
LPG
2,890
3,360
4,054
5,767
5,495
5,370
Diesel
7,819
6,262
7,853
10,368
11,641
12,668
Fuel Oil
780
959
1,390
1,011
1,025
1,095
Biodiesel
151
111
158
212
233
253
Power Generation
9,762
9,976
8,833
6,965
5,292
5,728
Diesel
2,477
2,137
3,573
2,926
2,770
3,015
Fuel Oil
7,233
7,793
5,188
3,979
2,460
2,646
Biodiesel 
52
45
72
60
62
67
Non-Energy Use
3,501
8,368
8,954
11,397
9,964
7,851
Total
124,503
143,226
155,414
166,539
168,805
171,817
MB
2014
2015
2016
2017
2018
2019
Industry
9,224
10,528
11,046
11,022
11,392
10,732
Kerosene
126
139
148
170
16
15
LPG
1,387
1,528
1,412
924
2,129
1,872
Diesel
3,975
4,357
4,869
5,570
5,144
5,598
Fuel Oil
3,649
4,413
4,520
4,247
4,000
3,136
Biodiesel 
86
92
97
111
103
112
Transport
79,996
91,891
99,456
105,255
108,811
112,365
Gasoline
25,795
29,601
32,568
35,411
36,516
39,504
Diesel
36,097
43,435
45,749
46,067
48,043
48,205
Fuel Oil
1,690
1,386
1,707
2,431
1,845
1,637
Aviation Fuel 
12,463
13,086
14,879
16,474
17,390
17,674
LPG
453
321
146
112
108
95
Bioethanol
2,765
3,168
3,477
3,818
3,936
4,276
Biodiesel
734
893
929
942
972
974
Households
9,074
10,301
11,938
12,342
13,373
14,014
LPG
8,343
9,632
11,314
11,749
12,754
13,445
Kerosene
731
669
624
593
620
569
Services
11,641
10,692
13,456
17,357
18,393
19,386
LPG
2,890
3,360
4,054
5,767
5,495
5,370
Diesel
7,819
6,262
7,853
10,368
11,641
12,668
Fuel Oil
780
959
1,390
1,011
1,025
1,095
Biodiesel
151
111
158
212
233
253
Agriculture
1,306
1,471
1,731
2,202
1,579
1,741
Gasoline
37
66
61
98
58
74
Kerosene
3
3
5
3
3
3
Diesel
1,227
1,355
1,577
2,008
1,484
1,615
Fuel Oil
13
18
56
52
5
17
Biodiesel
26
29
32
41
30
32
Power Generation
9,762
9,976
8,833
6,965
5,292
5,728
Diesel
2,477
2,137
3,573
2,926
2,770
3,015
Fuel Oil
7,233
7,793
5,188
3,979
2,460
2,646
Biodiesel 
52
45
72
60
62
67
Non-Energy Use
3,501
8,368
8,954
11,397
9,964
7,851
Total
124,503
143,226
155,414
166,539
168,805
171,817
MB
