KEY ENERGY STATISTICS
70
Power Generation, by Source and Grid
Luzon
2014
2015
2016
2017
2018
2019
Coal
 27,346 
 29,680 
 33,143 
 33,953 
 37,362 
 40,508 
Oil
 2,342 
 1,845 
 2,562 
 2,379 
 2,188 
 2,674 
Natural Gas
 18,686 
 18,878 
 19,854 
 20,547 
 21,334 
 22,354 
Renewable Energy
 8,392 
 9,711 
 10,938 
 11,633 
 11,845 
 10,640 
Geothermal
 3,817 
 4,096 
 4,227 
 3,910 
 3,871 
 3,647 
Hydro
 4,357 
 4,769 
 5,011 
 5,730 
 5,945 
 5,084 
Biomass 
 65 
 187 
 439 
 599 
 594 
 592 
Solar (a)
 - 
 66 
 495 
 496 
 503 
 493 
Wind
 152 
 592 
 767 
 899 
 931 
 824 
Total
 56,766 
 60,113 
 66,498 
 68,512 
 72,728 
 76,177 
Luzon
2020
2021
2022
2023
2024
AAGR*
Coal
 40,576 
 43,133 
 48,626 
 53,072 
 57,070 
8%
Oil
 1,804 
 996 
 1,507 
 708 
 603 
-13%
Natural Gas
 19,497 
 19,060 
 17,884 
 16,668 
 18,047 
0%
Renewable Energy
 10,542 
 12,053 
 11,803 
 12,842 
 14,550 
6%
Geothermal
 3,808 
 3,838 
 3,921 
 4,286 
 4,657 
2%
Hydro
 4,510 
 5,412 
 5,239 
 5,080 
 5,308 
2.0%
Biomass 
 780 
 988 
 691 
 684 
 645 
26%
Solar (a)
 588 
 721 
 1,099 
 1,678 
 2,905 
52%
Wind
 855 
 1,095 
 854 
 1,114 
 1,034 
21%
Total
 72,419 
 75,243 
 79,821 
 83,290 
 90,269 
5%
in GWh
Visayas
2014
2015
2016
2017
2018
2019
Coal
 4,449 
 4,968 
 5,270 
 6,624 
 6,785 
 7,962 
Oil
 766 
 672 
 637 
 541 
 353 
 524 
Natural Gas (a)
 4 
 - 
 - 
 - 
 - 
 - 
Renewable Energy
 5,794 
 6,530 
 7,047 
 6,889 
 7,129 
 7,573 
Geothermal
 5,627 
 6,105 
 5,974 
 5,564 
 5,737 
 6,278 
Hydro
 35 
 38 
 64 
 90 
 73 
 57 
Biomass 
 117 
 159 
 276 
 414 
 439 
 356 
Solar
 15 
 71 
 525 
 627 
 658 
 665 
Wind (b)
 - 
 157 
 209 
 194 
 222 
 218 
Total
 11,014 
 12,170 
 12,955 
 14,054 
 14,266 
 16,060 
Visayas
2020
2021
2022
2023
2024
AAGR*
Coal
 7,696 
 8,999 
 8,501 
 10,401 
 8,571 
7%
Oil
 298 
 468 
 563 
 473 
 519 
-4%
Natural Gas (a)
 - 
 - 
 - 
 - 
 - 
-
Renewable Energy
 7,491 
 6,801 
 7,159 
 7,289 
 7,009 
2%
Geothermal
 6,205 
 5,535 
 5,813 
 5,740 
 5,408 
-0.4%
Hydro
 65 
 89 
 39 
 141 
 162 
16%
Biomass 
 374 
 350 
 517 
 488 
 514 
16%
Solar
 676 
 652 
 614 
 727 
 720 
47%
Wind (b)
 171 
 174 
 176 
 194 
 205 
3%
Total
 15,485 
 16,268 
 16,222 
 18,163 
 16,099 
4%
in GWh
