KEY ENERGY STATISTICS
61
Petroleum Products Consumption, 
by Sector	 	
	
	
	
	
2014
2015
2016
2017
2018
2019
Transport
79,996
91,891
99,456
105,255
108,811
112,365
Industry
9,224
10,528
11,046
11,022
11,392
10,732
Households
9,074
10,301
11,938
12,342
13,373
14,014
Services
11,641
10,692
13,456
17,357
18,393
19,386
Agriculture
1,306
1,471
1,731
2,202
1,579
1,741
Power Generation
9,762
9,976
8,833
6,965
5,292
5,728
Non-Energy Use
3,501
8,368
8,954
11,397
9,964
7,851
Total
124,503
143,226
155,414
166,539
168,805
171,817
MB
2020
2021
2022
2023
2024
AAGR*
Transport
82,310
90,845
106,848
114,299
120,771
4.2%
Industry
11,872
12,149
14,216
12,548
11,723
2.4%
Households
13,272
13,583
14,084
14,542
14,805
5.0%
Services
20,087
21,638
16,756
17,534
19,464
5.3%
Agriculture
1,602
1,851
1,065
1,101
1,123
-1.5%
Power Generation
3,646
2,969
6,106
5,079
5,158
-6.2%
Non-Energy Use
9,228
11,387
9,496
10,477
11,471
12.6%
Total
142,017
154,422
168,571
175,580
184,515
4.0%
*average annual growth rate
