KEY ENERGY STATISTICS
59
Source
2014
2015
2016
2017
2018
2019
Industry
9,224
10,528
11,046
11,022
11,392
10,732
Kerosene
126
139
148
170
16
15
LPG
1,387
1,528
1,412
924
2,129
1,872
Diesel
3,975
4,357
4,869
5,570
5,144
5,598
Fuel Oil
3,649
4,413
4,520
4,247
4,000
3,136
Biodiesel 
86
92
97
111
103
112
Transport
79,996
91,891
99,456
105,255
108,811
112,365
Gasoline
25,795
29,601
32,568
35,411
36,516
39,504
Diesel
36,097
43,435
45,749
46,067
48,043
48,205
Fuel Oil
1,690
1,386
1,707
2,431
1,845
1,637
Aviation Fuel 
12,463
13,086
14,879
16,474
17,390
17,674
LPG
453
321
146
112
108
95
Bioethanol
2,765
3,168
3,477
3,818
3,936
4,276
Biodiesel
734
893
929
942
972
974
Households
9,074
10,301
11,938
12,342
13,373
14,014
LPG
8,343
9,632
11,314
11,749
12,754
13,445
Kerosene
731
669
624
593
620
569
Services
11,641
10,692
13,456
17,357
18,393
19,386
LPG
2,890
3,360
4,054
5,767
5,495
5,370
Diesel
7,819
6,262
7,853
10,368
11,641
12,668
Fuel Oil
780
959
1,390
1,011
1,025
1,095
Biodiesel
151
111
158
212
233
253
Power Generation
9,762
9,976
8,833
6,965
5,292
5,728
Diesel
2,477
2,137
3,573
2,926
2,770
3,015
Fuel Oil
7,233
7,793
5,188
3,979
2,460
2,646
Biodiesel 
52
45
72
60
62
67
Non-Energy Use
3,501
8,368
8,954
11,397
9,964
7,851
Total
124,503
143,226
155,414
166,539
168,805
171,817
MB
2020
2021
2022
2023
2024
AAGR*
Industry
11,872
12,149
14,216
12,548
11,723
2.4%
Kerosene
131
157
87
120
96
-2.7%
LPG
1,934
2,165
2,195
2,154
2,034
3.9%
Diesel
6,163
6,593
8,906
8,056
7,396
6.4%
Fuel Oil
3,543
3,115
2,845
2,053
2,046
-5.6%
Biodiesel 
101
118
182
164
150
5.7%
Transport
82,310
90,845
106,848
114,299
120,771
4.2%
Gasoline
33,609
38,224
42,096
45,362
48,062
6.4%
Diesel
36,625
40,363
44,656
45,601
47,958
2.9%
Fuel Oil
1,452
1,565
2,426
1,667
1,709
0.1%
Aviation Fuel 
6,188
5,741
12,199
15,824
16,871
3.1%
LPG
48
30
2
0
0
-100.0%
Bioethanol
3,643
4,147
4,569
4,919
5,197
6.5%
Biodiesel
745
775
899
926
974
2.9%
Households
13,272
13,583
14,084
14,542
14,805
5.0%
LPG
12,870
13,178
13,723
14,291
14,570
5.7%
Kerosene
402
405
361
251
235
-10.7%
Services
20,087
21,638
16,756
17,534
19,464
5.3%
LPG
5,028
5,208
5,574
5,280
5,633
6.9%
Diesel
13,934
15,052
9,782
10,985
12,553
4.8%
Fuel Oil
840
1,071
1,200
1,044
1,019
2.7%
Biodiesel
284
307
200
224
258
5.5%
Agriculture
1,602
1,851
1,065
1,101
1,123
-1.5%
Gasoline
80
126
143
86
36
-0.5%
Kerosene
4
4
1
0
0
-33.5%
Diesel
1,473
1,676
895
991
1,060
-1.5%
Fuel Oil
15
12
7
5
6
-6.8%
Biodiesel
30
34
18
20
21
-2.0%
Power Generation
3,646
2,969
6,106
5,079
5,158
-6.2%
Diesel
2,149
1,610
4,579
2,865
3,269
2.8%
Fuel Oil
1,453
1,282
1,434
2,155
1,824
-12.9%
Biodiesel 
44
76
93
58
66
2.3%
Non-Energy Use
9,228
11,387
9,496
10,477
11,471
12.6%
Total
142,017
154,422
168,571
175,580
184,515
4.0%
MB
*average annual growth rate
