KEY ENERGY STATISTICS
47
Energy Consumption
Total Final Energy Consumption, by Sector and Fuel Type*
2014
2015
2016
2017
2018
2019
Industry
6,529
6,750
7,449
7,925
7,523
7,306
Coal
2,261
2,218
2,677
3,008
2,411
2,217
Natural Gas(a)
77
50
65
53
59
62
Oil
1,206
1,382
1,458
1,470
1,469
1,381
Diesel
535
587
656
750
693
754
Fuel Oil
527
637
653
613
578
453
LPG
128
141
130
85
196
173
Kerosene
16
18
19
22
2
2
Biomass
1,131
1,152
1,164
1,181
1,199
1,207
Ricehull
48
49
49
50
51
51
Fuelwood
170
172
173
176
179
180
Bagasse
489
499
504
511
519
522
Agriwaste
404
412
416
423
429
432
Animal Waste
20
21
21
21
21
22
Biodiesel
11
12
13
14
13
15
Electricity
1,843
1,936
2,074
2,199
2,372
2,424
Transport
9,133
10,557
11,425
11,824
12,239
12,698
Natural Gas***
 0.1 
 - 
 - 
 - 
 - 
 - 
Oil
 8,781.9 
 10,151.0 
 10,986.1 
 11,351.8 
 11,752.7 
 12,181.1 
Gasoline
3,181
3,652
4,020
4,370
4,504
4,870
Diesel
4,839
5,841
6,156
6,195
6,452
6,479
Fuel Oil
178
183
203
265
203
196
Auto LPG(b)
42
30
13
10
10
9
Aviation fuel
542
446
594
512
584
626
Biodiesel
96
116
121
123
127
127
Bioethanol
246
281
309
339
350
380
Electricity
10
9
9
10
10
10
In kTOE
